0,564
45,5
45,4
45,3
45,2
45,1
45,0
0,563
0,562
0,561
0,560
0,559
0,558
0,557
0,556
0,555
0,554
0,553
0,552
0,551
0,550
0,549
0,548
0,547
0,546
0,545
0,544
0,543
0,542
0,541
0,540
0,539
0,538
0,537
0,536
0,535
0,534
0,533
0,532
0,531
0,530
0,529
0,528
0,527
0,526
0,525
0,524
0,523
0,522
0,521
0,520
0,519
0,518
0,517
0,516
0,515
0,514
0,513
0,512
0,511
0,510
0,509
0,508
0,507
0,9
0,506
0,505
0,504
0,503
50,35
10,285
10,251
10,109
10,215
10,97
10,107
11,21
11,8
11,18
11,6
8,9
8,10
8,4
48,5
48,4
48,3
48,2
48,1
48,0
42,3
42,2
42,1
42,0
24,3
24,2
24,1
20,3
20,2
20,1
19,3
19,2
19,1
12,3
12,2
12,1
11,30
11,28
11,27
11,25
11,22
11,15
11,14
11,13
11,12
11,11
11,10
11,9
11,5
11,4
11,3
11,2
